chr13	26043064	26043306	1	144	242	0.5950413
chr13	26064299	26064420	0	0	121	0.0000000
chr13	26104103	26104270	1	99	167	0.5928144
chr13	26104626	26104808	1	98	182	0.5384616
chr13	26106315	26106512	1	45	197	0.2284264
chr13	26107240	26107621	1	40	381	0.1049869
chr13	26108275	26108482	0	0	207	0.0000000
chr13	26112035	26112253	1	73	218	0.3348624
chr13	26114408	26114590	1	69	182	0.3791209
chr13	26115981	26116240	1	127	259	0.4903475
chr13	26117418	26117605	1	111	187	0.5935829
chr13	26125406	26125700	1	165	294	0.5612245
chr13	26127773	26128231	1	127	458	0.2772926
chr13	26129105	26129333	1	77	228	0.3377193
chr13	26133092	26133223	1	88	131	0.6717557
chr13	26133818	26134021	1	44	203	0.2167488
chr13	26137626	26137747	0	0	121	0.0000000
chr13	26138059	26138238	1	75	179	0.4189944
chr13	26141429	26141595	0	0	166	0.0000000
chr13	26144805	26145020	1	105	215	0.4883721
chr13	26145620	26145957	1	82	337	0.2433234
chr13	26148744	26149025	1	49	281	0.1743772
chr13	26151057	26151301	1	69	244	0.2827869
chr13	26152782	26153112	1	84	330	0.2545455
chr13	26153767	26154144	1	139	377	0.3687003
chr13	26155903	26156151	1	138	248	0.5564516
chr13	26163665	26163864	1	64	199	0.3216080
chr13	26165390	26165543	0	0	153	0.0000000
chr13	26231885	26232006	0	0	121	0.0000000
chr13	26273233	26273516	1	172	283	0.6077738
chr13	26279263	26279498	0	0	235	0.0000000
chr13	26343114	26343395	1	183	281	0.6512455
chr13	26348935	26349107	1	110	172	0.6395349
chr13	26402061	26402352	1	74	291	0.2542955
chr13	26411136	26411547	1	122	411	0.2968370
chr13	26413630	26413964	1	78	334	0.2335329
chr13	26434187	26434456	1	61	269	0.2267658
chr13	26434877	26435131	1	56	254	0.2204724
chr13	26436428	26436770	1	107	342	0.3128655
chr13	26501213	26501458	0	0	245	0.0000000
chr13	26535549	26535859	1	88	310	0.2838710
chr13	26542668	26543011	1	104	343	0.3032070
chr13	26586542	26586770	1	91	228	0.3991228
chr13	26593931	26594312	1	286	381	0.7506562
chr13	26594348	26594507	1	159	159	1.0000000
chr13	26595266	26595500	1	234	234	1.0000000
chr13	26724227	26724428	0	0	201	0.0000000
chr13	26758978	26759179	0	0	201	0.0000000
chr13	26781427	26781628	0	0	201	0.0000000
chr13	26786800	26787041	1	129	241	0.5352697
chr13	26787212	26787377	1	165	165	1.0000000
chr13	26787427	26787551	1	124	124	1.0000000
chr13	26787632	26787733	1	101	101	1.0000000
chr13	26787745	26787847	1	102	102	1.0000000
chr13	26787922	26789754	1	1807	1832	0.9863537
chr13	26792572	26792755	1	95	183	0.5191257
chr13	26793532	26793913	1	210	381	0.5511811
chr13	26795302	26795423	1	38	121	0.3140496
chr13	26795427	26795548	1	40	121	0.3305785
chr13	26796024	26796212	1	72	188	0.3829787
chr13	27015050	27015251	0	0	201	0.0000000
chr13	27216407	27216540	1	133	133	1.0000000
chr13	27239164	27239299	1	134	135	0.9925926
chr13	27241653	27241807	1	153	154	0.9935065
chr13	27246008	27246126	1	117	118	0.9915254
chr13	27250685	27250861	1	175	176	0.9943182
chr13	27254171	27254338	0	0	167	0.0000000
chr13	27255190	27255457	1	266	267	0.9962547
chr13	27256743	27257111	1	367	368	0.9972826
chr13	27259824	27259982	1	157	158	0.9936709
chr13	27271269	27271470	0	0	201	0.0000000
chr13	27311145	27311346	0	0	201	0.0000000
chr13	27415572	27415773	0	0	201	0.0000000
chr13	27469667	27469868	0	0	201	0.0000000
chr13	27531166	27531367	0	0	201	0.0000000
chr13	27586772	27586973	0	0	201	0.0000000
chr13	27624295	27624416	0	0	121	0.0000000
chr13	27825680	27825869	1	42	189	0.2222222
chr13	27827761	27828073	1	78	312	0.2500000
chr13	27828178	27828299	0	0	121	0.0000000
chr13	27828325	27828516	1	61	191	0.3193717
chr13	27829144	27829354	0	0	210	0.0000000
chr13	27829368	27829708	1	112	340	0.3294118
chr13	27830177	27830677	2	254	500	0.5080000
chr13	27867440	27867561	0	0	121	0.0000000
chr13	27920510	27920711	0	0	201	0.0000000
chr13	27931785	27931906	0	0	121	0.0000000
chr13	28017681	28017882	0	0	201	0.0000000
chr13	28020079	28020280	0	0	201	0.0000000
chr13	28058303	28058504	0	0	201	0.0000000
chr13	28178424	28178625	0	0	201	0.0000000
chr13	28195949	28196193	1	117	244	0.4795082
chr13	28196993	28197633	1	574	640	0.8968750
chr13	28201950	28202151	0	0	201	0.0000000
chr13	28222396	28222644	0	0	248	0.0000000
chr13	28239678	28240136	0	0	458	0.0000000
chr13	28240138	28240240	0	0	102	0.0000000
chr13	28429637	28429838	0	0	201	0.0000000
chr13	28479159	28479360	0	0	201	0.0000000
chr13	28482553	28482754	0	0	201	0.0000000
chr13	28487498	28487699	0	0	201	0.0000000
chr13	28491097	28491298	0	0	201	0.0000000
chr13	28494265	28494851	1	416	586	0.7098976
chr13	28498352	28498943	1	550	591	0.9306260
chr13	28499861	28500062	1	201	201	1.0000000
chr13	28500300	28500429	1	129	129	1.0000000
chr13	28577777	28577879	1	102	102	1.0000000
chr13	28578097	28578370	1	214	273	0.7838828
chr13	28588498	28588704	1	105	206	0.5097088
chr13	28589281	28589505	1	99	224	0.4419643
chr13	28589713	28589919	1	111	206	0.5388349
chr13	28592542	28592813	1	122	271	0.4501845
chr13	28597428	28597670	1	127	242	0.5247934
chr13	28598956	28599130	1	82	174	0.4712644
chr13	28599386	28599596	0	0	210	0.0000000
chr13	28601077	28601523	1	153	446	0.3430493
chr13	28602214	28602455	1	110	241	0.4564315
chr13	28608012	28608573	3	342	561	0.6096257
chr13	28609598	28609840	1	178	242	0.7355372
chr13	28610032	28610209	1	108	177	0.6101695
chr13	28611190	28611508	1	103	318	0.3238994
chr13	28619935	28620136	0	0	201	0.0000000
chr13	28622350	28622745	1	168	395	0.4253165
chr13	28623475	28623997	2	292	522	0.5593870
chr13	28624149	28624415	1	127	266	0.4774436
chr13	28626602	28626866	1	129	264	0.4886364
chr13	28631256	28631661	1	115	405	0.2839506
chr13	28635962	28636321	1	202	359	0.5626741
chr13	28644537	28644808	1	121	271	0.4464945
chr13	28674542	28674813	1	108	271	0.3985240
chr13	28789693	28789894	0	0	201	0.0000000
chr13	28873806	28874007	0	0	201	0.0000000
chr13	28929610	28929811	0	0	201	0.0000000
chr13	28973520	28973721	0	0	201	0.0000000
chr13	28983962	28984163	0	0	201	0.0000000
chr13	28984299	28984500	0	0	201	0.0000000
chr13	28997601	28997802	0	0	201	0.0000000
chr13	29223893	29224094	0	0	201	0.0000000
chr13	29233169	29233394	1	57	225	0.2533333
chr13	29236505	29236697	1	97	192	0.5052083
chr13	29238135	29238336	0	0	201	0.0000000
chr13	29238521	29238735	1	60	214	0.2803738
chr13	29242597	29242762	1	101	165	0.6121212
chr13	29246460	29246684	1	93	224	0.4151786
chr13	29252143	29252360	1	188	217	0.8663595
chr13	29327176	29327377	0	0	201	0.0000000
chr13	29431237	29431438	0	0	201	0.0000000
chr13	29813532	29813733	0	0	201	0.0000000
chr13	29836150	29836351	0	0	201	0.0000000
chr13	29961231	29961432	0	0	201	0.0000000
chr13	30153007	30153128	0	0	121	0.0000000
chr13	30347734	30347935	0	0	201	0.0000000
chr13	30746868	30747069	0	0	201	0.0000000
chr13	30749976	30750097	0	0	121	0.0000000
chr13	30957587	30957788	0	0	201	0.0000000
chr13	31287783	31287975	0	0	192	0.0000000
chr13	31309580	31309865	1	167	285	0.5859649
chr13	31314579	31314780	0	0	201	0.0000000
chr13	31318008	31318492	1	99	484	0.2045455
chr13	31326109	31326375	1	70	266	0.2631579
chr13	31329960	31330185	1	81	225	0.3600000
chr13	31338039	31338281	1	200	242	0.8264463
chr13	31389129	31389330	0	0	201	0.0000000
chr13	31641147	31641348	0	0	201	0.0000000
chr13	31643091	31643292	0	0	201	0.0000000
chr13	31651691	31651892	0	0	201	0.0000000
chr13	31714954	31715075	0	0	121	0.0000000
chr13	31774179	31774386	1	112	207	0.5410628
chr13	31783876	31784077	0	0	201	0.0000000
chr13	31785303	31785504	0	0	201	0.0000000
chr13	31789119	31789303	1	49	184	0.2663043
chr13	31796947	31797168	1	39	221	0.1764706
chr13	31803311	31803509	1	109	198	0.5505050
chr13	31806871	31807072	0	0	201	0.0000000
chr13	31819224	31819425	0	0	201	0.0000000
chr13	31821105	31821340	1	76	235	0.3234043
chr13	31821981	31822158	1	111	177	0.6271186
chr13	31823488	31823689	0	0	201	0.0000000
chr13	31835028	31835371	1	136	343	0.3965015
chr13	31836241	31836362	0	0	121	0.0000000
chr13	31843299	31843530	1	63	231	0.2727273
chr13	31848562	31848825	1	119	263	0.4524715
chr13	31850711	31850953	1	69	242	0.2851240
chr13	31858713	31858955	1	113	242	0.4669422
chr13	31860823	31860988	1	99	165	0.6000000
chr13	31891610	31891939	1	119	329	0.3617021
chr13	31897807	31898227	1	144	420	0.3428572
chr13	31903579	31903934	1	296	355	0.8338028
chr13	31905388	31905509	1	121	121	1.0000000
chr13	31937871	31938072	0	0	201	0.0000000
chr13	32313573	32313878	1	180	305	0.5901639
chr13	32332319	32332587	1	146	268	0.5447761
chr13	32335803	32335998	1	77	195	0.3948718
chr13	32339163	32339362	1	105	199	0.5276382
chr13	32340008	32340245	1	71	237	0.2995781
chr13	32348727	32348946	1	71	219	0.3242009
chr13	32349407	32349577	1	71	170	0.4176471
chr13	32351286	32351628	1	71	342	0.2076023
chr13	32352602	32352793	1	71	191	0.3717277
chr13	32355781	32356074	1	71	293	0.2423208
chr13	32356715	32356908	1	71	193	0.3678756
chr13	32360491	32360798	2	142	307	0.4625407
chr13	32363211	32363377	1	71	166	0.4277108
chr13	32365851	32366182	1	229	331	0.6918429
chr13	32366735	32367259	1	410	524	0.7824427
chr13	32371301	32371566	1	218	265	0.8226415
chr13	32376230	32376644	1	361	414	0.8719807
chr13	32376832	32377078	1	246	246	1.0000000
chr13	32513927	32514128	0	0	201	0.0000000
chr13	32683090	32683211	0	0	121	0.0000000
chr13	32889616	32889857	1	159	241	0.6597511
chr13	32890383	32890690	1	105	307	0.3420196
chr13	32893149	32893638	1	248	489	0.5071574
chr13	32899142	32899334	1	108	192	0.5625000
chr13	32900189	32900491	2	89	302	0.2947020
chr13	32900570	32900812	1	114	242	0.4710744
chr13	32903496	32903690	1	49	194	0.2525773
chr13	32905019	32905177	1	111	158	0.7025316
chr13	32906364	32907566	1	1115	1202	0.9276206
chr13	32910345	32915387	1	4931	5042	0.9779849
chr13	32918680	32918805	1	95	125	0.7600000
chr13	32920906	32921128	1	69	222	0.3108108
chr13	32928817	32929465	1	427	648	0.6589506
chr13	32930533	32930798	1	181	265	0.6830189
chr13	32931818	32932100	1	187	282	0.6631206
chr13	32936622	32936864	1	170	242	0.7024794
chr13	32937305	32937685	1	354	380	0.9315789
chr13	32944494	32944736	1	155	242	0.6404959
chr13	32945042	32945284	1	144	242	0.5950413
chr13	32949511	32949632	0	0	121	0.0000000
chr13	32950745	32951107	1	121	362	0.3342541
chr13	32953287	32953672	1	198	385	0.5142857
chr13	32953846	32954332	2	301	486	0.6193416
chr13	32968735	32969127	1	244	392	0.6224490
chr13	32970985	32971227	1	146	242	0.6033058
chr13	32972240	32973809	1	1510	1569	0.9623964
chr13	33040329	33040530	0	0	201	0.0000000
chr13	33058232	33058433	0	0	201	0.0000000
chr13	33125105	33125306	0	0	201	0.0000000
chr13	33147447	33147648	0	0	201	0.0000000
chr13	33184187	33184388	0	0	201	0.0000000
chr13	33198608	33198809	0	0	201	0.0000000
chr13	33554201	33554402	0	0	201	0.0000000
chr13	33590568	33591439	1	829	871	0.9517795
chr13	33627848	33628460	1	510	612	0.8333333
chr13	33629135	33629619	1	268	484	0.5537190
chr13	33634764	33635987	1	1101	1223	0.9002453
chr13	33637942	33638408	1	422	466	0.9055794
chr13	33639337	33639505	1	168	168	1.0000000
chr13	33639622	33639724	1	102	102	1.0000000
chr13	33693736	33693937	0	0	201	0.0000000
chr13	33700273	33700474	1	104	201	0.5174130
chr13	33703964	33704165	1	201	201	1.0000000
chr13	33894611	33894732	0	0	121	0.0000000
chr13	33945248	33945449	0	0	201	0.0000000
chr13	33948835	33949036	0	0	201	0.0000000
chr13	33957216	33957417	0	0	201	0.0000000
chr13	34502082	34502283	0	0	201	0.0000000
chr13	34654817	34655018	0	0	201	0.0000000
chr13	34851919	34852040	0	0	121	0.0000000
chr13	34958669	34958870	0	0	201	0.0000000
chr13	34990448	34990569	0	0	121	0.0000000
chr13	35002752	35002953	0	0	201	0.0000000
chr13	35124068	35124269	0	0	201	0.0000000
chr13	35193921	35194122	0	0	201	0.0000000
chr13	35313400	35313601	0	0	201	0.0000000
chr13	35768688	35768889	0	0	201	0.0000000
chr13	35918531	35918732	0	0	201	0.0000000
